254
1246
820
746
693
690
709
696
690
691
690
704
714
695
690
686
691
689
686
685
726
702
693
695
699
688
686
690
712
686
688
688
685
691
689
751
688
695
690
690
1136
833
727
1129
756
708
742
702
690
688
693
699
719
714
700
712
706
702
701
712
746
705
709
722
691
714
685
690
721
693
704
694
703
696
703
692
731
691
691
692
689
703
700
694
735
736
692
701
685
715
690
688
744
698
726
691
689
696
698
711
696
695
688
703
692
695
704
689
704
700
688
696
705
698
705
797
691
692
695
701
693
695
693
689
704
691
703
694
697
695
687
702
689
691
702
702
705
688
703
695
704
690
698
700
703
700
702
690
687
697
688
695
690
689
691
687
691
688
691
693
691
699
688
706
687
690
691
686
706
702
693
703
694
727
685
690
692
690
687
691
692
689
694
704
704
687
689
693
702
690
697
697
703
692
690
691
686
704
704
692
696
690
690
686
690
702
692
692
720
698
700
705
703
707
709
692
687
719
694
704
694
691
691
687
691
692
689
706
694
693
697
714
699
700
686
690
691
693
687
690
687
690
690
699
700
699
700
699
697
702
751
693
689
691
693
700
717
724
697
695
696
692
707
715
701
706
694
694
699
692
704
749
690
692
689
689
705
693
697
694
693
691
730
699
697
696
693
706
689
690
701
686
694
764
698
714
704
692
745
690
689
698
724
696
696
743
699
716
689
689
754
689
687
692
702
694
713
697
708
719
690
689
706
694
696
795
718
730
714
698
768
692
713
711
700
707
693
691
689
694
699
694
698
742
718
696
702
707
719
698
706
727
718
695
696
698
698
691
695
705
688
686
701
750
760
690
747
695
688
697
700
688
704
689
702
704
698
746
722
706
698
711
687
694
714
722
693
695
722
708
703
688
695
700
688
694
691
691
765
718
688
697
690
701
694
688
696
753
703
699
693
701
695
709
798
752
736
693
710
688
697
690
690
690
690
693
693
686
695
692
744
712
688
733
709
735
712
690
701
694
695
705
693
723
704
696
693
707
753
748
766
794
804
701
709
691
700
689
691
696
697
690
694
695
700
698
692
700
720
692
715
793
777
818
789
699
689
698
688
686
686
705
703
699
703
686
686
691
685
685
696
694
690
694
701
703
703
705
691
694
691
689
693
693
707
701
691
691
706
698
720
714
691
693
689
726
730
703
700
737
723
696
693
711
697
819
693
691
728
689
694
709
702
692
776
706
695
690
686
695
709
696
690
695
690
691
690
696
705
702
704
686
700
704
739
697
688
697
697
693
690
697
693
691
690
767
702
691
692
720
693
693
693
695
698
690
689
746
694
690
688
690
697
688
692
703
695
692
709
704
703
705
697
696
687
692
696
716
689
691
716
695
689
733
700
703
733
689
694
696
693
691
688
691
767
716
713
707
700
717
721
696
695
704
702
757
738
690
690
692
697
690
715
721
698
699
701
718
740
694
720
694
691
690
701
690
707
689
739
703
698
746
739
695
690
712
693
698
700
689
696
740
705
716
690
692
700
741
753
703
692
694
720
739
698
689
691
726
715
692
712
695
685
703
707
692
704
703
703
697
710
699
707
717
691
690
695
695
689
698
691
695
690
698
688
698
699
695
690
797
696
690
688
696
705
751
709
692
689
691
710
698
712
720
693
699
717
711
696
709
718
758
693
692
695
696
689
709
689
698
699
692
713
715
693
689
688
693
696
701
697
686
691
690
689
743
697
702
693
694
704
763
719
698
714
753
689
699
704
692
706
693
696
704
695
697
698
711
710
692
690
707
769
713
706
692
729
702
747
694
698
699
690
691
710
713
717
692
719
702
691
689
715
724
707
691
700
708
769
722
743
697
724
696
778
705
722
693
704
693
698
706
693
758
722
693
723
691
722
709
705
725
709
690
750
720
701
692
714
704
727
710
713
690
702
696
715
693
700
689
734
706
761
696
693
687
696
698
737
698
691
697
692
691
755
697
686
700
691
698
745
697
694
689
690
696
735
850
755
753
704
805
729
699
709
715
711
702
705
719
749
722
708
695
703
696
745
694
690
707
702
706
715
704
722
699
707
709
704
700
704
722
701
701
689
692
722
716
764
696
695
708
752
696
698
696
699
700
737
705
694
690
727
696
797
700
723
697
698
697
743
725
690
702
692
693
717
688
690
699
696
703
692
737
690
692
690
691
700
699
689
776
706
694
688
697
703
752
694
689
691
716
697
743
696
694
688
691
696
693
689
688
694
698
687
706
702
702
703
696
700
692
728
690
697
695
754
719
698
697
