244
1267
838
810
739
721
725
705
712
720
721
701
705
717
710
712
704
713
708
697
715
722
695
725
694
700
729
711
717
713
755
718
705
707
712
695
727
709
723
705
716
698
720
701
699
699
701
702
707
715
722
722
709
721
722
724
707
700
717
707
715
702
702
717
712
711
705
723
723
706
709
731
713
718
712
1233
1262
740
856
710
711
724
712
712
708
698
701
764
694
726
716
706
717
708
710
712
703
711
725
707
713
725
711
713
715
717
720
718
701
734
704
701
713
727
713
698
700
715
692
718
711
703
716
712
727
714
709
713
702
695
704
732
704
693
692
775
696
714
708
718
699
714
703
703
701
717
713
698
709
725
698
726
716
701
693
721
698
713
710
718
715
700
704
723
709
699
705
712
712
728
700
716
718
747
697
692
695
706
700
698
720
725
721
704
734
710
698
707
696
702
713
718
733
709
751
701
699
704
711
707
702
703
694
787
717
711
725
700
711
708
719
720
719
701
713
700
695
702
723
722
702
698
717
704
744
699
703
702
712
712
694
718
707
726
698
699
718
705
704
709
708
738
724
727
705
709
701
702
798
713
720
701
706
697
706
713
702
713
713
716
692
760
697
699
717
703
705
694
719
704
758
693
700
724
698
713
712
700
696
778
695
715
701
705
707
700
719
728
768
710
694
698
698
711
722
723
720
713
726
843
697
695
699
696
706
721
703
717
707
783
724
691
784
716
709
711
716
694
711
710
709
744
726
757
699
710
721
703
713
698
714
710
697
713
720
695
701
720
700
698
697
692
712
695
712
710
709
693
700
698
695
698
697
715
705
697
726
716
696
705
713
708
706
806
720
718
709
718
708
705
704
698
713
713
727
713
719
703
696
725
691
697
693
694
720
697
710
723
703
725
700
713
708
695
722
722
721
721
701
700
699
714
714
720
707
698
698
700
722
718
724
699
691
696
723
698
708
692
720
723
691
713
706
702
724
699
709
698
714
712
699
699
698
705
719
723
711
710
712
722
695
721
698
697
698
702
694
703
698
693
697
701
698
693
690
702
703
703
699
695
698
719
712
702
722
722
723
700
696
720
699
722
696
726
698
733
706
732
709
704
697
703
717
713
712
699
709
698
697
695
710
699
695
714
716
723
697
725
699
696
694
693
721
697
694
694
724
710
693
762
804
724
713
710
714
713
697
695
701
701
702
697
697
696
699
696
703
697
728
723
700
694
704
723
720
699
701
713
710
712
713
692
696
726
701
700
709
696
696
697
696
726
721
726
714
721
713
698
695
703
701
699
697
698
699
700
698
697
697
706
693
698
695
697
701
702
698
696
700
704
698
699
693
697
699
699
698
710
721
718
709
714
699
711
702
698
707
697
697
698
714
719
722
699
708
712
698
713
720
712
724
727
700
716
700
698
700
695
698
697
698
700
699
695
699
698
699
697
712
722
723
724
719
697
700
720
697
696
696
702
696
696
694
700
695
697
702
697
712
713
708
696
710
707
709
695
693
711
701
696
699
694
702
698
707
697
710
710
711
697
695
710
708
693
708
709
712
695
708
709
696
696
696
696
706
712
697
709
697
711
697
697
696
696
694
696
696
708
708
707
694
695
694
717
704
720
709
708
725
714
774
714
710
695
706
698
695
692
718
713
717
710
841
765
706
703
708
707
712
696
716
697
693
691
698
695
697
696
695
709
709
699
695
694
696
698
711
696
726
711
721
724
729
695
696
698
706
708
715
721
740
713
708
699
712
708
711
695
699
695
706
725
715
708
705
692
708
695
710
723
711
701
697
701
709
708
708
721
712
713
699
696
712
696
697
699
698
710
695
696
712
711
698
698
695
707
694
710
706
697
709
699
692
713
712
695
694
694
696
710
698
692
718
700
697
699
701
692
699
696
713
701
699
701
711
695
695
707
704
698
720
697
707
697
694
711
694
696
721
706
693
710
712
705
705
700
693
721
698
697
693
696
697
691
721
710
724
695
693
700
694
699
708
713
725
695
717
696
699
700
696
700
696
716
712
710
701
698
714
700
701
697
697
697
696
703
704
702
700
696
703
695
695
697
698
696
697
694
699
696
698
710
711
725
722
713
696
704
704
710
700
715
695
700
698
697
702
726
700
701
695
700
704
693
709
696
707
705
707
710
694
714
698
698
693
695
696
693
695
712
710
712
722
713
713
712
715
718
691
697
697
692
721
717
727
698
707
694
719
723
698
695
708
709
695
694
697
698
710
717
727
698
697
710
723
724
697
696
718
712
700
697
717
712
713
714
709
714
699
696
