 0 	 0 	 0 	 0 	 0 	 0 	 0 	 0 	 0 	 0 	 0 	 0 	 0 	 0 	 0 	 0 	 0 	 0 	 0 	 0 	 0 	 0 	 0 	 0 	 0 	 0 	 0 	 0 	 0 	 0 	 0 	 0 	 0 	 0 	 0 	 0 	 0 	 0 	 0 	 0 	 0 	 0 	 0 	 0 	 0 	 0 	 0 	 0 	 0 	 0 	 0 	 0 	 0 	 0 	 0 	 0 	 0 	 0 	 0 	 0 	 3024 	 0 	 0 	 0 	
 0 	 0 	 0 	 0 	 0 	 0 	 0 	 0 	 0 	 0 	 0 	 0 	 0 	 0 	 0 	 0 	 0 	 0 	 0 	 0 	 0 	 0 	 0 	 0 	 0 	 0 	 0 	 0 	 0 	 0 	 0 	 0 	 0 	 0 	 0 	 0 	 0 	 0 	 0 	 0 	 0 	 0 	 0 	 0 	 0 	 0 	 0 	 0 	 0 	 0 	 0 	 0 	 0 	 0 	 0 	 0 	 0 	 0 	 0 	 0 	  72 	 0 	 0 	 0 	
 0 	 0 	 0 	 0 	 0 	 0 	 0 	 0 	 0 	 0 	 0 	 0 	 0 	 0 	 0 	 0 	 0 	 0 	 0 	 0 	 0 	 0 	 0 	 0 	 0 	 0 	 0 	 0 	 0 	 0 	 0 	 0 	 0 	 0 	 0 	 0 	 0 	 0 	 0 	 0 	 0 	 0 	 0 	 0 	 0 	 0 	 0 	 0 	 0 	 0 	 0 	 0 	 0 	 0 	 0 	 0 	 0 	 0 	 0 	 0 	  72 	 0 	 0 	 0 	
 0 	 0 	 0 	 0 	 0 	 0 	 0 	 0 	 0 	 0 	 0 	 0 	 0 	 0 	 0 	 0 	 0 	 0 	 0 	 0 	 0 	 0 	 0 	 0 	 0 	 0 	 0 	 0 	 0 	 0 	 0 	 0 	 0 	 0 	 0 	 0 	 0 	 0 	 0 	 0 	 0 	 0 	 0 	 0 	 0 	 0 	 0 	 0 	 0 	 0 	 0 	 0 	 0 	 0 	 0 	 0 	 0 	 0 	 0 	 0 	  36 	 0 	 0 	 0 	
 0 	 0 	 0 	 0 	 0 	 0 	 0 	 0 	 0 	 0 	 0 	 0 	 0 	 0 	 0 	 0 	 0 	 0 	 0 	 0 	 0 	 0 	 0 	 0 	 0 	 0 	 0 	 0 	 0 	 0 	 0 	 0 	 0 	 0 	 0 	 0 	 0 	 0 	 0 	 0 	 0 	 0 	 0 	 0 	 0 	 0 	 0 	 0 	 0 	 0 	 0 	 0 	 0 	 0 	 0 	 0 	 0 	 0 	 0 	 0 	  72 	 0 	 0 	 0 	
 0 	 0 	 0 	 0 	 0 	 0 	 0 	 0 	 0 	 0 	 0 	 0 	 0 	 0 	 0 	 0 	 0 	 0 	 0 	 0 	 0 	 0 	 0 	 0 	 0 	 0 	 0 	 0 	 0 	 0 	 0 	 0 	 0 	 0 	 0 	 0 	 0 	 0 	 0 	 0 	 0 	 0 	 0 	 0 	 0 	 0 	 0 	 0 	 0 	 0 	 0 	 0 	 0 	 0 	 0 	 0 	 0 	 0 	 0 	 0 	  72 	 0 	 0 	 0 	
 0 	 0 	 0 	 0 	 0 	 0 	 0 	 0 	 0 	 0 	 0 	 0 	 0 	 0 	 0 	 0 	 0 	 0 	 0 	 0 	 0 	 0 	 0 	 0 	 0 	 0 	 0 	 0 	 0 	 0 	 0 	 0 	 0 	 0 	 0 	 0 	 0 	 0 	 0 	 0 	 0 	 0 	 0 	 0 	 0 	 0 	 0 	 0 	 0 	 0 	 0 	 0 	 0 	 0 	 0 	 0 	 0 	 0 	 0 	 0 	  72 	 0 	 0 	 0 	
 0 	 0 	 0 	 0 	 0 	 0 	 0 	 0 	 0 	 0 	 0 	 0 	 0 	 0 	 0 	 0 	 0 	 0 	 0 	 0 	 0 	 0 	 0 	 0 	 0 	 0 	 0 	 0 	 0 	 0 	 0 	 0 	 0 	 0 	 0 	 0 	 0 	 0 	 0 	 0 	 0 	 0 	 0 	 0 	 0 	 0 	 0 	 0 	 0 	 0 	 0 	 0 	 0 	 0 	 0 	 0 	 0 	 0 	 0 	 0 	  36 	 0 	 0 	 0 	
 0 	 0 	 0 	 0 	 0 	 0 	 0 	 0 	 0 	 0 	 0 	 0 	 0 	 0 	 0 	 0 	 0 	 0 	 0 	 0 	 0 	 0 	 0 	 0 	 0 	 0 	 0 	 0 	 0 	 0 	 0 	 0 	 0 	 0 	 0 	 0 	 0 	 0 	 0 	 0 	 0 	 0 	 0 	 0 	 0 	 0 	 0 	 0 	 0 	 0 	 0 	 0 	 0 	 0 	 0 	 0 	 0 	 0 	 0 	 0 	  72 	 0 	 0 	 0 	
 0 	 0 	 0 	 0 	 0 	 0 	 0 	 0 	 0 	 0 	 0 	 0 	 0 	 0 	 0 	 0 	 0 	 0 	 0 	 0 	 0 	 0 	 0 	 0 	 0 	 0 	 0 	 0 	 0 	 0 	 0 	 0 	 0 	 0 	 0 	 0 	 0 	 0 	 0 	 0 	 0 	 0 	 0 	 0 	 0 	 0 	 0 	 0 	 0 	 0 	 0 	 0 	 0 	 0 	 0 	 0 	 0 	 0 	 0 	 0 	  72 	 0 	 0 	 0 	
 0 	 0 	 0 	 0 	 0 	 0 	 0 	 0 	 0 	 0 	 0 	 0 	 0 	 0 	 0 	 0 	 0 	 0 	 0 	 0 	 0 	 0 	 0 	 0 	 0 	 0 	 0 	 0 	 0 	 0 	 0 	 0 	 0 	 0 	 0 	 0 	 0 	 0 	 0 	 0 	 0 	 0 	 0 	 0 	 0 	 0 	 0 	 0 	 0 	 0 	 0 	 0 	 0 	 0 	 0 	 0 	 0 	 0 	 0 	 0 	  72 	 0 	 0 	 0 	
 0 	 0 	 0 	 0 	 0 	 0 	 0 	 0 	 0 	 0 	 0 	 0 	 0 	 0 	 0 	 0 	 0 	 0 	 0 	 0 	 0 	 0 	 0 	 0 	 0 	 0 	 0 	 0 	 0 	 0 	 0 	 0 	 0 	 0 	 0 	 0 	 0 	 0 	 0 	 0 	 0 	 0 	 0 	 0 	 0 	 0 	 0 	 0 	 0 	 0 	 0 	 0 	 0 	 0 	 0 	 0 	 0 	 0 	 0 	 0 	  36 	 0 	 0 	 0 	
 0 	 0 	 0 	 0 	 0 	 0 	 0 	 0 	 0 	 0 	 0 	 0 	 0 	 0 	 0 	 0 	 0 	 0 	 0 	 0 	 0 	 0 	 0 	 0 	 0 	 0 	 0 	 0 	 0 	 0 	 0 	 0 	 0 	 0 	 0 	 0 	 0 	 0 	 0 	 0 	 0 	 0 	 0 	 0 	 0 	 0 	 0 	 0 	 0 	 0 	 0 	 0 	 0 	 0 	 0 	 0 	 0 	 0 	 0 	 0 	  72 	 0 	 0 	 0 	
 0 	 0 	 0 	 0 	 0 	 0 	 0 	 0 	 0 	 0 	 0 	 0 	 0 	 0 	 0 	 0 	 0 	 0 	 0 	 0 	 0 	 0 	 0 	 0 	 0 	 0 	 0 	 0 	 0 	 0 	 0 	 0 	 0 	 0 	 0 	 0 	 0 	 0 	 0 	 0 	 0 	 0 	 0 	 0 	 0 	 0 	 0 	 0 	 0 	 0 	 0 	 0 	 0 	 0 	 0 	 0 	 0 	 0 	 0 	 0 	  72 	 0 	 0 	 0 	
 0 	 0 	 0 	 0 	 0 	 0 	 0 	 0 	 0 	 0 	 0 	 0 	 0 	 0 	 0 	 0 	 0 	 0 	 0 	 0 	 0 	 0 	 0 	 0 	 0 	 0 	 0 	 0 	 0 	 0 	 0 	 0 	 0 	 0 	 0 	 0 	 0 	 0 	 0 	 0 	 0 	 0 	 0 	 0 	 0 	 0 	 0 	 0 	 0 	 0 	 0 	 0 	 0 	 0 	 0 	 0 	 0 	 0 	 0 	 0 	  72 	 0 	 0 	 0 	
 0 	 0 	 0 	 0 	 0 	 0 	 0 	 0 	 0 	 0 	 0 	 0 	 0 	 0 	 0 	 0 	 0 	 0 	 0 	 0 	 0 	 0 	 0 	 0 	 0 	 0 	 0 	 0 	 0 	 0 	 0 	 0 	 0 	 0 	 0 	 0 	 0 	 0 	 0 	 0 	 0 	 0 	 0 	 0 	 0 	 0 	 0 	 0 	 0 	 0 	 0 	 0 	 0 	 0 	 0 	 0 	 0 	 0 	 0 	 0 	  36 	 0 	 0 	 0 	
 0 	 0 	 0 	 0 	 0 	 0 	 0 	 0 	 0 	 0 	 0 	 0 	 0 	 0 	 0 	 0 	 0 	 0 	 0 	 0 	 0 	 0 	 0 	 0 	 0 	 0 	 0 	 0 	 0 	 0 	 0 	 0 	 0 	 0 	 0 	 0 	 0 	 0 	 0 	 0 	 0 	 0 	 0 	 0 	 0 	 0 	 0 	 0 	 0 	 0 	 0 	 0 	 0 	 0 	 0 	 0 	 0 	 0 	 0 	 0 	  72 	 0 	 0 	 0 	
 0 	 0 	 0 	 0 	 0 	 0 	 0 	 0 	 0 	 0 	 0 	 0 	 0 	 0 	 0 	 0 	 0 	 0 	 0 	 0 	 0 	 0 	 0 	 0 	 0 	 0 	 0 	 0 	 0 	 0 	 0 	 0 	 0 	 0 	 0 	 0 	 0 	 0 	 0 	 0 	 0 	 0 	 0 	 0 	 0 	 0 	 0 	 0 	 0 	 0 	 0 	 0 	 0 	 0 	 0 	 0 	 0 	 0 	 0 	 0 	  72 	 0 	 0 	 0 	
 0 	 0 	 0 	 0 	 0 	 0 	 0 	 0 	 0 	 0 	 0 	 0 	 0 	 0 	 0 	 0 	 0 	 0 	 0 	 0 	 0 	 0 	 0 	 0 	 0 	 0 	 0 	 0 	 0 	 0 	 0 	 0 	 0 	 0 	 0 	 0 	 0 	 0 	 0 	 0 	 0 	 0 	 0 	 0 	 0 	 0 	 0 	 0 	 0 	 0 	 0 	 0 	 0 	 0 	 0 	 0 	 0 	 0 	 0 	 0 	  72 	 0 	 0 	 0 	
 0 	 0 	 0 	 0 	 0 	 0 	 0 	 0 	 0 	 0 	 0 	 0 	 0 	 0 	 0 	 0 	 0 	 0 	 0 	 0 	 0 	 0 	 0 	 0 	 0 	 0 	 0 	 0 	 0 	 0 	 0 	 0 	 0 	 0 	 0 	 0 	 0 	 0 	 0 	 0 	 0 	 0 	 0 	 0 	 0 	 0 	 0 	 0 	 0 	 0 	 0 	 0 	 0 	 0 	 0 	 0 	 0 	 0 	 0 	 0 	  36 	 0 	 0 	 0 	
 0 	 0 	 0 	 0 	 0 	 0 	 0 	 0 	 0 	 0 	 0 	 0 	 0 	 0 	 0 	 0 	 0 	 0 	 0 	 0 	 0 	 0 	 0 	 0 	 0 	 0 	 0 	 0 	 0 	 0 	 0 	 0 	 0 	 0 	 0 	 0 	 0 	 0 	 0 	 0 	 0 	 0 	 0 	 0 	 0 	 0 	 0 	 0 	 0 	 0 	 0 	 0 	 0 	 0 	 0 	 0 	 0 	 0 	 0 	 0 	  72 	 0 	 0 	 0 	
 0 	 0 	 0 	 0 	 0 	 0 	 0 	 0 	 0 	 0 	 0 	 0 	 0 	 0 	 0 	 0 	 0 	 0 	 0 	 0 	 0 	 0 	 0 	 0 	 0 	 0 	 0 	 0 	 0 	 0 	 0 	 0 	 0 	 0 	 0 	 0 	 0 	 0 	 0 	 0 	 0 	 0 	 0 	 0 	 0 	 0 	 0 	 0 	 0 	 0 	 0 	 0 	 0 	 0 	 0 	 0 	 0 	 0 	 0 	 0 	  72 	 0 	 0 	 0 	
 0 	 0 	 0 	 0 	 0 	 0 	 0 	 0 	 0 	 0 	 0 	 0 	 0 	 0 	 0 	 0 	 0 	 0 	 0 	 0 	 0 	 0 	 0 	 0 	 0 	 0 	 0 	 0 	 0 	 0 	 0 	 0 	 0 	 0 	 0 	 0 	 0 	 0 	 0 	 0 	 0 	 0 	 0 	 0 	 0 	 0 	 0 	 0 	 0 	 0 	 0 	 0 	 0 	 0 	 0 	 0 	 0 	 0 	 0 	 0 	  72 	 0 	 0 	 0 	
 0 	 0 	 0 	 0 	 0 	 0 	 0 	 0 	 0 	 0 	 0 	 0 	 0 	 0 	 0 	 0 	 0 	 0 	 0 	 0 	 0 	 0 	 0 	 0 	 0 	 0 	 0 	 0 	 0 	 0 	 0 	 0 	 0 	 0 	 0 	 0 	 0 	 0 	 0 	 0 	 0 	 0 	 0 	 0 	 0 	 0 	 0 	 0 	 0 	 0 	 0 	 0 	 0 	 0 	 0 	 0 	 0 	 0 	 0 	 0 	  36 	 0 	 0 	 0 	
 0 	 0 	 0 	 0 	 0 	 0 	 0 	 0 	 0 	 0 	 0 	 0 	 0 	 0 	 0 	 0 	 0 	 0 	 0 	 0 	 0 	 0 	 0 	 0 	 0 	 0 	 0 	 0 	 0 	 0 	 0 	 0 	 0 	 0 	 0 	 0 	 0 	 0 	 0 	 0 	 0 	 0 	 0 	 0 	 0 	 0 	 0 	 0 	 0 	 0 	 0 	 0 	 0 	 0 	 0 	 0 	 0 	 0 	 0 	 0 	  72 	 0 	 0 	 0 	
 0 	 0 	 0 	 0 	 0 	 0 	 0 	 0 	 0 	 0 	 0 	 0 	 0 	 0 	 0 	 0 	 0 	 0 	 0 	 0 	 0 	 0 	 0 	 0 	 0 	 0 	 0 	 0 	 0 	 0 	 0 	 0 	 0 	 0 	 0 	 0 	 0 	 0 	 0 	 0 	 0 	 0 	 0 	 0 	 0 	 0 	 0 	 0 	 0 	 0 	 0 	 0 	 0 	 0 	 0 	 0 	 0 	 0 	 0 	 0 	  72 	 0 	 0 	 0 	
 0 	 0 	 0 	 0 	 0 	 0 	 0 	 0 	 0 	 0 	 0 	 0 	 0 	 0 	 0 	 0 	 0 	 0 	 0 	 0 	 0 	 0 	 0 	 0 	 0 	 0 	 0 	 0 	 0 	 0 	 0 	 0 	 0 	 0 	 0 	 0 	 0 	 0 	 0 	 0 	 0 	 0 	 0 	 0 	 0 	 0 	 0 	 0 	 0 	 0 	 0 	 0 	 0 	 0 	 0 	 0 	 0 	 0 	 0 	 0 	  72 	 0 	 0 	 0 	
 0 	 0 	 0 	 0 	 0 	 0 	 0 	 0 	 0 	 0 	 0 	 0 	 0 	 0 	 0 	 0 	 0 	 0 	 0 	 0 	 0 	 0 	 0 	 0 	 0 	 0 	 0 	 0 	 0 	 0 	 0 	 0 	 0 	 0 	 0 	 0 	 0 	 0 	 0 	 0 	 0 	 0 	 0 	 0 	 0 	 0 	 0 	 0 	 0 	 0 	 0 	 0 	 0 	 0 	 0 	 0 	 0 	 0 	 0 	 0 	  36 	 0 	 0 	 0 	
 0 	 0 	 0 	 0 	 0 	 0 	 0 	 0 	 0 	 0 	 0 	 0 	 0 	 0 	 0 	 0 	 0 	 0 	 0 	 0 	 0 	 0 	 0 	 0 	 0 	 0 	 0 	 0 	 0 	 0 	 0 	 0 	 0 	 0 	 0 	 0 	 0 	 0 	 0 	 0 	 0 	 0 	 0 	 0 	 0 	 0 	 0 	 0 	 0 	 0 	 0 	 0 	 0 	 0 	 0 	 0 	 0 	 0 	 0 	 0 	  72 	 0 	 0 	 0 	
 0 	 0 	 0 	 0 	 0 	 0 	 0 	 0 	 0 	 0 	 0 	 0 	 0 	 0 	 0 	 0 	 0 	 0 	 0 	 0 	 0 	 0 	 0 	 0 	 0 	 0 	 0 	 0 	 0 	 0 	 0 	 0 	 0 	 0 	 0 	 0 	 0 	 0 	 0 	 0 	 0 	 0 	 0 	 0 	 0 	 0 	 0 	 0 	 0 	 0 	 0 	 0 	 0 	 0 	 0 	 0 	 0 	 0 	 0 	 0 	  72 	 0 	 0 	 0 	
 0 	 0 	 0 	 0 	 0 	 0 	 0 	 0 	 0 	 0 	 0 	 0 	 0 	 0 	 0 	 0 	 0 	 0 	 0 	 0 	 0 	 0 	 0 	 0 	 0 	 0 	 0 	 0 	 0 	 0 	 0 	 0 	 0 	 0 	 0 	 0 	 0 	 0 	 0 	 0 	 0 	 0 	 0 	 0 	 0 	 0 	 0 	 0 	 0 	 0 	 0 	 0 	 0 	 0 	 0 	 0 	 0 	 0 	 0 	 0 	  72 	 0 	 0 	 0 	
 0 	 0 	 0 	 0 	 0 	 0 	 0 	 0 	 0 	 0 	 0 	 0 	 0 	 0 	 0 	 0 	 0 	 0 	 0 	 0 	 0 	 0 	 0 	 0 	 0 	 0 	 0 	 0 	 0 	 0 	 0 	 0 	 0 	 0 	 0 	 0 	 0 	 0 	 0 	 0 	 0 	 0 	 0 	 0 	 0 	 0 	 0 	 0 	 0 	 0 	 0 	 0 	 0 	 0 	 0 	 0 	 0 	 0 	 0 	 0 	  36 	 0 	 0 	 0 	
 0 	 0 	 0 	 0 	 0 	 0 	 0 	 0 	 0 	 0 	 0 	 0 	 0 	 0 	 0 	 0 	 0 	 0 	 0 	 0 	 0 	 0 	 0 	 0 	 0 	 0 	 0 	 0 	 0 	 0 	 0 	 0 	 0 	 0 	 0 	 0 	 0 	 0 	 0 	 0 	 0 	 0 	 0 	 0 	 0 	 0 	 0 	 0 	 0 	 0 	 0 	 0 	 0 	 0 	 0 	 0 	 0 	 0 	 0 	 0 	  72 	 0 	 0 	 0 	
 0 	 0 	 0 	 0 	 0 	 0 	 0 	 0 	 0 	 0 	 0 	 0 	 0 	 0 	 0 	 0 	 0 	 0 	 0 	 0 	 0 	 0 	 0 	 0 	 0 	 0 	 0 	 0 	 0 	 0 	 0 	 0 	 0 	 0 	 0 	 0 	 0 	 0 	 0 	 0 	 0 	 0 	 0 	 0 	 0 	 0 	 0 	 0 	 0 	 0 	 0 	 0 	 0 	 0 	 0 	 0 	 0 	 0 	 0 	 0 	  72 	 0 	 0 	 0 	
 0 	 0 	 0 	 0 	 0 	 0 	 0 	 0 	 0 	 0 	 0 	 0 	 0 	 0 	 0 	 0 	 0 	 0 	 0 	 0 	 0 	 0 	 0 	 0 	 0 	 0 	 0 	 0 	 0 	 0 	 0 	 0 	 0 	 0 	 0 	 0 	 0 	 0 	 0 	 0 	 0 	 0 	 0 	 0 	 0 	 0 	 0 	 0 	 0 	 0 	 0 	 0 	 0 	 0 	 0 	 0 	 0 	 0 	 0 	 0 	  72 	 0 	 0 	 0 	
 0 	 0 	 0 	 0 	 0 	 0 	 0 	 0 	 0 	 0 	 0 	 0 	 0 	 0 	 0 	 0 	 0 	 0 	 0 	 0 	 0 	 0 	 0 	 0 	 0 	 0 	 0 	 0 	 0 	 0 	 0 	 0 	 0 	 0 	 0 	 0 	 0 	 0 	 0 	 0 	 0 	 0 	 0 	 0 	 0 	 0 	 0 	 0 	 0 	 0 	 0 	 0 	 0 	 0 	 0 	 0 	 0 	 0 	 0 	 0 	  36 	 0 	 0 	 0 	
 0 	 0 	 0 	 0 	 0 	 0 	 0 	 0 	 0 	 0 	 0 	 0 	 0 	 0 	 0 	 0 	 0 	 0 	 0 	 0 	 0 	 0 	 0 	 0 	 0 	 0 	 0 	 0 	 0 	 0 	 0 	 0 	 0 	 0 	 0 	 0 	 0 	 0 	 0 	 0 	 0 	 0 	 0 	 0 	 0 	 0 	 0 	 0 	 0 	 0 	 0 	 0 	 0 	 0 	 0 	 0 	 0 	 0 	 0 	 0 	  72 	 0 	 0 	 0 	
 0 	 0 	 0 	 0 	 0 	 0 	 0 	 0 	 0 	 0 	 0 	 0 	 0 	 0 	 0 	 0 	 0 	 0 	 0 	 0 	 0 	 0 	 0 	 0 	 0 	 0 	 0 	 0 	 0 	 0 	 0 	 0 	 0 	 0 	 0 	 0 	 0 	 0 	 0 	 0 	 0 	 0 	 0 	 0 	 0 	 0 	 0 	 0 	 0 	 0 	 0 	 0 	 0 	 0 	 0 	 0 	 0 	 0 	 0 	 0 	  72 	 0 	 0 	 0 	
 0 	 0 	 0 	 0 	 0 	 0 	 0 	 0 	 0 	 0 	 0 	 0 	 0 	 0 	 0 	 0 	 0 	 0 	 0 	 0 	 0 	 0 	 0 	 0 	 0 	 0 	 0 	 0 	 0 	 0 	 0 	 0 	 0 	 0 	 0 	 0 	 0 	 0 	 0 	 0 	 0 	 0 	 0 	 0 	 0 	 0 	 0 	 0 	 0 	 0 	 0 	 0 	 0 	 0 	 0 	 0 	 0 	 0 	 0 	 0 	  72 	 0 	 0 	 0 	
 0 	 0 	 0 	 0 	 0 	 0 	 0 	 0 	 0 	 0 	 0 	 0 	 0 	 0 	 0 	 0 	 0 	 0 	 0 	 0 	 0 	 0 	 0 	 0 	 0 	 0 	 0 	 0 	 0 	 0 	 0 	 0 	 0 	 0 	 0 	 0 	 0 	 0 	 0 	 0 	 0 	 0 	 0 	 0 	 0 	 0 	 0 	 0 	 0 	 0 	 0 	 0 	 0 	 0 	 0 	 0 	 0 	 0 	 0 	 0 	  36 	 0 	 0 	 0 	
 0 	 0 	 0 	 0 	 0 	 0 	 0 	 0 	 0 	 0 	 0 	 0 	 0 	 0 	 0 	 0 	 0 	 0 	 0 	 0 	 0 	 0 	 0 	 0 	 0 	 0 	 0 	 0 	 0 	 0 	 0 	 0 	 0 	 0 	 0 	 0 	 0 	 0 	 0 	 0 	 0 	 0 	 0 	 0 	 0 	 0 	 0 	 0 	 0 	 0 	 0 	 0 	 0 	 0 	 0 	 0 	 0 	 0 	 0 	 0 	  36 	 0 	 0 	 0 	
 0 	 0 	 0 	 0 	 0 	 0 	 0 	 0 	 0 	 0 	 0 	 0 	 0 	 0 	 0 	 0 	 0 	 0 	 0 	 0 	 0 	 0 	 0 	 0 	 0 	 0 	 0 	 0 	 0 	 0 	 0 	 0 	 0 	 0 	 0 	 0 	 0 	 0 	 0 	 0 	 0 	 0 	 0 	 0 	 0 	 0 	 0 	 0 	 0 	 0 	 0 	 0 	 0 	 0 	 0 	 0 	 0 	 0 	 0 	 0 	  72 	 0 	 0 	 0 	
 0 	 0 	 0 	 0 	 0 	 0 	 0 	 0 	 0 	 0 	 0 	 0 	 0 	 0 	 0 	 0 	 0 	 0 	 0 	 0 	 0 	 0 	 0 	 0 	 0 	 0 	 0 	 0 	 0 	 0 	 0 	 0 	 0 	 0 	 0 	 0 	 0 	 0 	 0 	 0 	 0 	 0 	 0 	 0 	 0 	 0 	 0 	 0 	 0 	 0 	 0 	 0 	 0 	 0 	 0 	 0 	 0 	 0 	 0 	 0 	  72 	 0 	 0 	 0 	
 0 	 0 	 0 	 0 	 0 	 0 	 0 	 0 	 0 	 0 	 0 	 0 	 0 	 0 	 0 	 0 	 0 	 0 	 0 	 0 	 0 	 0 	 0 	 0 	 0 	 0 	 0 	 0 	 0 	 0 	 0 	 0 	 0 	 0 	 0 	 0 	 0 	 0 	 0 	 0 	 0 	 0 	 0 	 0 	 0 	 0 	 0 	 0 	 0 	 0 	 0 	 0 	 0 	 0 	 0 	 0 	 0 	 0 	 0 	 0 	  36 	 0 	 0 	 0 	
 0 	 0 	 0 	 0 	 0 	 0 	 0 	 0 	 0 	 0 	 0 	 0 	 0 	 0 	 0 	 0 	 0 	 0 	 0 	 0 	 0 	 0 	 0 	 0 	 0 	 0 	 0 	 0 	 0 	 0 	 0 	 0 	 0 	 0 	 0 	 0 	 0 	 0 	 0 	 0 	 0 	 0 	 0 	 0 	 0 	 0 	 0 	 0 	 0 	 0 	 0 	 0 	 0 	 0 	 0 	 0 	 0 	 0 	 0 	 0 	  72 	 0 	 0 	 0 	
 0 	 0 	 0 	 0 	 0 	 0 	 0 	 0 	 0 	 0 	 0 	 0 	 0 	 0 	 0 	 0 	 0 	 0 	 0 	 0 	 0 	 0 	 0 	 0 	 0 	 0 	 0 	 0 	 0 	 0 	 0 	 0 	 0 	 0 	 0 	 0 	 0 	 0 	 0 	 0 	 0 	 0 	 0 	 0 	 0 	 0 	 0 	 0 	 0 	 0 	 0 	 0 	 0 	 0 	 0 	 0 	 0 	 0 	 0 	 0 	  72 	 0 	 0 	 0 	
 0 	 0 	 0 	 0 	 0 	 0 	 0 	 0 	 0 	 0 	 0 	 0 	 0 	 0 	 0 	 0 	 0 	 0 	 0 	 0 	 0 	 0 	 0 	 0 	 0 	 0 	 0 	 0 	 0 	 0 	 0 	 0 	 0 	 0 	 0 	 0 	 0 	 0 	 0 	 0 	 0 	 0 	 0 	 0 	 0 	 0 	 0 	 0 	 0 	 0 	 0 	 0 	 0 	 0 	 0 	 0 	 0 	 0 	 0 	 0 	  72 	 0 	 0 	 0 	
 0 	 0 	 0 	 0 	 0 	 0 	 0 	 0 	 0 	 0 	 0 	 0 	 0 	 0 	 0 	 0 	 0 	 0 	 0 	 0 	 0 	 0 	 0 	 0 	 0 	 0 	 0 	 0 	 0 	 0 	 0 	 0 	 0 	 0 	 0 	 0 	 0 	 0 	 0 	 0 	 0 	 0 	 0 	 0 	 0 	 0 	 0 	 0 	 0 	 0 	 0 	 0 	 0 	 0 	 0 	 0 	 0 	 0 	 0 	 0 	  36 	 0 	 0 	 0 	
 0 	 0 	 0 	 0 	 0 	 0 	 0 	 0 	 0 	 0 	 0 	 0 	 0 	 0 	 0 	 0 	 0 	 0 	 0 	 0 	 0 	 0 	 0 	 0 	 0 	 0 	 0 	 0 	 0 	 0 	 0 	 0 	 0 	 0 	 0 	 0 	 0 	 0 	 0 	 0 	 0 	 0 	 0 	 0 	 0 	 0 	 0 	 0 	 0 	 0 	 0 	 0 	 0 	 0 	 0 	 0 	 0 	 0 	 0 	 0 	  36 	 0 	 0 	 0 	
 0 	 0 	 0 	 0 	 0 	 0 	 0 	 0 	 0 	 0 	 0 	 0 	 0 	 0 	 0 	 0 	 0 	 0 	 0 	 0 	 0 	 0 	 0 	 0 	 0 	 0 	 0 	 0 	 0 	 0 	 0 	 0 	 0 	 0 	 0 	 0 	 0 	 0 	 0 	 0 	 0 	 0 	 0 	 0 	 0 	 0 	 0 	 0 	 0 	 0 	 0 	 0 	 0 	 0 	 0 	 0 	 0 	 0 	 0 	 0 	  72 	 0 	 0 	 0 	
 0 	 0 	 0 	 0 	 0 	 0 	 0 	 0 	 0 	 0 	 0 	 0 	 0 	 0 	 0 	 0 	 0 	 0 	 0 	 0 	 0 	 0 	 0 	 0 	 0 	 0 	 0 	 0 	 0 	 0 	 0 	 0 	 0 	 0 	 0 	 0 	 0 	 0 	 0 	 0 	 0 	 0 	 0 	 0 	 0 	 0 	 0 	 0 	 0 	 0 	 0 	 0 	 0 	 0 	 0 	 0 	 0 	 0 	 0 	 0 	  72 	 0 	 0 	 0 	
 0 	 0 	 0 	 0 	 0 	 0 	 0 	 0 	 0 	 0 	 0 	 0 	 0 	 0 	 0 	 0 	 0 	 0 	 0 	 0 	 0 	 0 	 0 	 0 	 0 	 0 	 0 	 0 	 0 	 0 	 0 	 0 	 0 	 0 	 0 	 0 	 0 	 0 	 0 	 0 	 0 	 0 	 0 	 0 	 0 	 0 	 0 	 0 	 0 	 0 	 0 	 0 	 0 	 0 	 0 	 0 	 0 	 0 	 0 	 0 	  36 	 0 	 0 	 0 	
 0 	 0 	 0 	 0 	 0 	 0 	 0 	 0 	 0 	 0 	 0 	 0 	 0 	 0 	 0 	 0 	 0 	 0 	 0 	 0 	 0 	 0 	 0 	 0 	 0 	 0 	 0 	 0 	 0 	 0 	 0 	 0 	 0 	 0 	 0 	 0 	 0 	 0 	 0 	 0 	 0 	 0 	 0 	 0 	 0 	 0 	 0 	 0 	 0 	 0 	 0 	 0 	 0 	 0 	 0 	 0 	 0 	 0 	 0 	 0 	  72 	 0 	 0 	 0 	
 0 	 0 	 0 	 0 	 0 	 0 	 0 	 0 	 0 	 0 	 0 	 0 	 0 	 0 	 0 	 0 	 0 	 0 	 0 	 0 	 0 	 0 	 0 	 0 	 0 	 0 	 0 	 0 	 0 	 0 	 0 	 0 	 0 	 0 	 0 	 0 	 0 	 0 	 0 	 0 	 0 	 0 	 0 	 0 	 0 	 0 	 0 	 0 	 0 	 0 	 0 	 0 	 0 	 0 	 0 	 0 	 0 	 0 	 0 	 0 	  72 	 0 	 0 	 0 	
 0 	 0 	 0 	 0 	 0 	 0 	 0 	 0 	 0 	 0 	 0 	 0 	 0 	 0 	 0 	 0 	 0 	 0 	 0 	 0 	 0 	 0 	 0 	 0 	 0 	 0 	 0 	 0 	 0 	 0 	 0 	 0 	 0 	 0 	 0 	 0 	 0 	 0 	 0 	 0 	 0 	 0 	 0 	 0 	 0 	 0 	 0 	 0 	 0 	 0 	 0 	 0 	 0 	 0 	 0 	 0 	 0 	 0 	 0 	 0 	  72 	 0 	 0 	 0 	
 0 	 0 	 0 	 0 	 0 	 0 	 0 	 0 	 0 	 0 	 0 	 0 	 0 	 0 	 0 	 0 	 0 	 0 	 0 	 0 	 0 	 0 	 0 	 0 	 0 	 0 	 0 	 0 	 0 	 0 	 0 	 0 	 0 	 0 	 0 	 0 	 0 	 0 	 0 	 0 	 0 	 0 	 0 	 0 	 0 	 0 	 0 	 0 	 0 	 0 	 0 	 0 	 0 	 0 	 0 	 0 	 0 	 0 	 0 	 0 	  36 	 0 	 0 	 0 	
 0 	 0 	 0 	 0 	 0 	 0 	 0 	 0 	 0 	 0 	 0 	 0 	 0 	 0 	 0 	 0 	 0 	 0 	 0 	 0 	 0 	 0 	 0 	 0 	 0 	 0 	 0 	 0 	 0 	 0 	 0 	 0 	 0 	 0 	 0 	 0 	 0 	 0 	 0 	 0 	 0 	 0 	 0 	 0 	 0 	 0 	 0 	 0 	 0 	 0 	 0 	 0 	 0 	 0 	 0 	 0 	 0 	 0 	 0 	 0 	  36 	 0 	 0 	 0 	
 0 	 0 	 0 	 0 	 0 	 0 	 0 	 0 	 0 	 0 	 0 	 0 	 0 	 0 	 0 	 0 	 0 	 0 	 0 	 0 	 0 	 0 	 0 	 0 	 0 	 0 	 0 	 0 	 0 	 0 	 0 	 0 	 0 	 0 	 0 	 0 	 0 	 0 	 0 	 0 	 0 	 0 	 0 	 0 	 0 	 0 	 0 	 0 	 0 	 0 	 0 	 0 	 0 	 0 	 0 	 0 	 0 	 0 	 0 	 0 	  72 	 0 	 0 	 0 	
 0 	 0 	 0 	 0 	 0 	 0 	 0 	 0 	 0 	 0 	 0 	 0 	 0 	 0 	 0 	 0 	 0 	 0 	 0 	 0 	 0 	 0 	 0 	 0 	 0 	 0 	 0 	 0 	 0 	 0 	 0 	 0 	 0 	 0 	 0 	 0 	 0 	 0 	 0 	 0 	 0 	 0 	 0 	 0 	 0 	 0 	 0 	 0 	 0 	 0 	 0 	 0 	 0 	 0 	 0 	 0 	 0 	 0 	 0 	 0 	  72 	 0 	 0 	 0 	
 0 	 0 	 0 	 0 	 0 	 0 	 0 	 0 	 0 	 0 	 0 	 0 	 0 	 0 	 0 	 0 	 0 	 0 	 0 	 0 	 0 	 0 	 0 	 0 	 0 	 0 	 0 	 0 	 0 	 0 	 0 	 0 	 0 	 0 	 0 	 0 	 0 	 0 	 0 	 0 	 0 	 0 	 0 	 0 	 0 	 0 	 0 	 0 	 0 	 0 	 0 	 0 	 0 	 0 	 0 	 0 	 0 	 0 	 0 	 0 	  36 	 0 	 0 	 0 	
 0 	 0 	 0 	 0 	 0 	 0 	 0 	 0 	 0 	 0 	 0 	 0 	 0 	 0 	 0 	 0 	 0 	 0 	 0 	 0 	 0 	 0 	 0 	 0 	 0 	 0 	 0 	 0 	 0 	 0 	 0 	 0 	 0 	 0 	 0 	 0 	 0 	 0 	 0 	 0 	 0 	 0 	 0 	 0 	 0 	 0 	 0 	 0 	 0 	 0 	 0 	 0 	 0 	 0 	 0 	 0 	 0 	 0 	 0 	 0 	  72 	 0 	 0 	 0 	
 0 	 0 	 0 	 0 	 0 	 0 	 0 	 0 	 0 	 0 	 0 	 0 	 0 	 0 	 0 	 0 	 0 	 0 	 0 	 0 	 0 	 0 	 0 	 0 	 0 	 0 	 0 	 0 	 0 	 0 	 0 	 0 	 0 	 0 	 0 	 0 	 0 	 0 	 0 	 0 	 0 	 0 	 0 	 0 	 0 	 0 	 0 	 0 	 0 	 0 	 0 	 0 	 0 	 0 	 0 	 0 	 0 	 0 	 0 	 0 	  72 	 0 	 0 	 0 	
 0 	 0 	 0 	 0 	 0 	 0 	 0 	 0 	 0 	 0 	 0 	 0 	 0 	 0 	 0 	 0 	 0 	 0 	 0 	 0 	 0 	 0 	 0 	 0 	 0 	 0 	 0 	 0 	 0 	 0 	 0 	 0 	 0 	 0 	 0 	 0 	 0 	 0 	 0 	 0 	 0 	 0 	 0 	 0 	 0 	 0 	 0 	 0 	 0 	 0 	 0 	 0 	 0 	 0 	 0 	 0 	 0 	 0 	 0 	 0 	  72 	 0 	 0 	 0 	
 0 	 0 	 0 	 0 	 0 	 0 	 0 	 0 	 0 	 0 	 0 	 0 	 0 	 0 	 0 	 0 	 0 	 0 	 0 	 0 	 0 	 0 	 0 	 0 	 0 	 0 	 0 	 0 	 0 	 0 	 0 	 0 	 0 	 0 	 0 	 0 	 0 	 0 	 0 	 0 	 0 	 0 	 0 	 0 	 0 	 0 	 0 	 0 	 0 	 0 	 0 	 0 	 0 	 0 	 0 	 0 	 0 	 0 	 0 	 0 	  36 	 0 	 0 	 0 	
 0 	 0 	 0 	 0 	 0 	 0 	 0 	 0 	 0 	 0 	 0 	 0 	 0 	 0 	 0 	 0 	 0 	 0 	 0 	 0 	 0 	 0 	 0 	 0 	 0 	 0 	 0 	 0 	 0 	 0 	 0 	 0 	 0 	 0 	 0 	 0 	 0 	 0 	 0 	 0 	 0 	 0 	 0 	 0 	 0 	 0 	 0 	 0 	 0 	 0 	 0 	 0 	 0 	 0 	 0 	 0 	 0 	 0 	 0 	 0 	  36 	 0 	 0 	 0 	
 0 	 0 	 0 	 0 	 0 	 0 	 0 	 0 	 0 	 0 	 0 	 0 	 0 	 0 	 0 	 0 	 0 	 0 	 0 	 0 	 0 	 0 	 0 	 0 	 0 	 0 	 0 	 0 	 0 	 0 	 0 	 0 	 0 	 0 	 0 	 0 	 0 	 0 	 0 	 0 	 0 	 0 	 0 	 0 	 0 	 0 	 0 	 0 	 0 	 0 	 0 	 0 	 0 	 0 	 0 	 0 	 0 	 0 	 0 	 0 	  72 	 0 	 0 	 0 	
 0 	 0 	 0 	 0 	 0 	 0 	 0 	 0 	 0 	 0 	 0 	 0 	 0 	 0 	 0 	 0 	 0 	 0 	 0 	 0 	 0 	 0 	 0 	 0 	 0 	 0 	 0 	 0 	 0 	 0 	 0 	 0 	 0 	 0 	 0 	 0 	 0 	 0 	 0 	 0 	 0 	 0 	 0 	 0 	 0 	 0 	 0 	 0 	 0 	 0 	 0 	 0 	 0 	 0 	 0 	 0 	 0 	 0 	 0 	 0 	  72 	 0 	 0 	 0 	
 0 	 0 	 0 	 0 	 0 	 0 	 0 	 0 	 0 	 0 	 0 	 0 	 0 	 0 	 0 	 0 	 0 	 0 	 0 	 0 	 0 	 0 	 0 	 0 	 0 	 0 	 0 	 0 	 0 	 0 	 0 	 0 	 0 	 0 	 0 	 0 	 0 	 0 	 0 	 0 	 0 	 0 	 0 	 0 	 0 	 0 	 0 	 0 	 0 	 0 	 0 	 0 	 0 	 0 	 0 	 0 	 0 	 0 	 0 	 0 	  36 	 0 	 0 	 0 	
 0 	 0 	 0 	 0 	 0 	 0 	 0 	 0 	 0 	 0 	 0 	 0 	 0 	 0 	 0 	 0 	 0 	 0 	 0 	 0 	 0 	 0 	 0 	 0 	 0 	 0 	 0 	 0 	 0 	 0 	 0 	 0 	 0 	 0 	 0 	 0 	 0 	 0 	 0 	 0 	 0 	 0 	 0 	 0 	 0 	 0 	 0 	 0 	 0 	 0 	 0 	 0 	 0 	 0 	 0 	 0 	 0 	 0 	 0 	 0 	  72 	 0 	 0 	 0 	
 0 	 0 	 0 	 0 	 0 	 0 	 0 	 0 	 0 	 0 	 0 	 0 	 0 	 0 	 0 	 0 	 0 	 0 	 0 	 0 	 0 	 0 	 0 	 0 	 0 	 0 	 0 	 0 	 0 	 0 	 0 	 0 	 0 	 0 	 0 	 0 	 0 	 0 	 0 	 0 	 0 	 0 	 0 	 0 	 0 	 0 	 0 	 0 	 0 	 0 	 0 	 0 	 0 	 0 	 0 	 0 	 0 	 0 	 0 	 0 	  72 	 0 	 0 	 0 	
 0 	 0 	 0 	 0 	 0 	 0 	 0 	 0 	 0 	 0 	 0 	 0 	 0 	 0 	 0 	 0 	 0 	 0 	 0 	 0 	 0 	 0 	 0 	 0 	 0 	 0 	 0 	 0 	 0 	 0 	 0 	 0 	 0 	 0 	 0 	 0 	 0 	 0 	 0 	 0 	 0 	 0 	 0 	 0 	 0 	 0 	 0 	 0 	 0 	 0 	 0 	 0 	 0 	 0 	 0 	 0 	 0 	 0 	 0 	 0 	  72 	 0 	 0 	 0 	
 0 	 0 	 0 	 0 	 0 	 0 	 0 	 0 	 0 	 0 	 0 	 0 	 0 	 0 	 0 	 0 	 0 	 0 	 0 	 0 	 0 	 0 	 0 	 0 	 0 	 0 	 0 	 0 	 0 	 0 	 0 	 0 	 0 	 0 	 0 	 0 	 0 	 0 	 0 	 0 	 0 	 0 	 0 	 0 	 0 	 0 	 0 	 0 	 0 	 0 	 0 	 0 	 0 	 0 	 0 	 0 	 0 	 0 	 0 	 0 	  36 	 0 	 0 	 0 	
 0 	 0 	 0 	 0 	 0 	 0 	 0 	 0 	 0 	 0 	 0 	 0 	 0 	 0 	 0 	 0 	 0 	 0 	 0 	 0 	 0 	 0 	 0 	 0 	 0 	 0 	 0 	 0 	 0 	 0 	 0 	 0 	 0 	 0 	 0 	 0 	 0 	 0 	 0 	 0 	 0 	 0 	 0 	 0 	 0 	 0 	 0 	 0 	 0 	 0 	 0 	 0 	 0 	 0 	 0 	 0 	 0 	 0 	 0 	 0 	  36 	 0 	 0 	 0 	
 0 	 0 	 0 	 0 	 0 	 0 	 0 	 0 	 0 	 0 	 0 	 0 	 0 	 0 	 0 	 0 	 0 	 0 	 0 	 0 	 0 	 0 	 0 	 0 	 0 	 0 	 0 	 0 	 0 	 0 	 0 	 0 	 0 	 0 	 0 	 0 	 0 	 0 	 0 	 0 	 0 	 0 	 0 	 0 	 0 	 0 	 0 	 0 	 0 	 0 	 0 	 0 	 0 	 0 	 0 	 0 	 0 	 0 	 0 	 0 	  72 	 0 	 0 	 0 	
 0 	 0 	 0 	 0 	 0 	 0 	 0 	 0 	 0 	 0 	 0 	 0 	 0 	 0 	 0 	 0 	 0 	 0 	 0 	 0 	 0 	 0 	 0 	 0 	 0 	 0 	 0 	 0 	 0 	 0 	 0 	 0 	 0 	 0 	 0 	 0 	 0 	 0 	 0 	 0 	 0 	 0 	 0 	 0 	 0 	 0 	 0 	 0 	 0 	 0 	 0 	 0 	 0 	 0 	 0 	 0 	 0 	 0 	 0 	 0 	  72 	 0 	 0 	 0 	
 0 	 0 	 0 	 0 	 0 	 0 	 0 	 0 	 0 	 0 	 0 	 0 	 0 	 0 	 0 	 0 	 0 	 0 	 0 	 0 	 0 	 0 	 0 	 0 	 0 	 0 	 0 	 0 	 0 	 0 	 0 	 0 	 0 	 0 	 0 	 0 	 0 	 0 	 0 	 0 	 0 	 0 	 0 	 0 	 0 	 0 	 0 	 0 	 0 	 0 	 0 	 0 	 0 	 0 	 0 	 0 	 0 	 0 	 0 	 0 	  36 	 0 	 0 	 0 	
 0 	 0 	 0 	 0 	 0 	 0 	 0 	 0 	 0 	 0 	 0 	 0 	 0 	 0 	 0 	 0 	 0 	 0 	 0 	 0 	 0 	 0 	 0 	 0 	 0 	 0 	 0 	 0 	 0 	 0 	 0 	 0 	 0 	 0 	 0 	 0 	 0 	 0 	 0 	 0 	 0 	 0 	 0 	 0 	 0 	 0 	 0 	 0 	 0 	 0 	 0 	 0 	 0 	 0 	 0 	 0 	 0 	 0 	 0 	 0 	  36 	 0 	 0 	 0 	
 0 	 0 	 0 	 0 	 0 	 0 	 0 	 0 	 0 	 0 	 0 	 0 	 0 	 0 	 0 	 0 	 0 	 0 	 0 	 0 	 0 	 0 	 0 	 0 	 0 	 0 	 0 	 0 	 0 	 0 	 0 	 0 	 0 	 0 	 0 	 0 	 0 	 0 	 0 	 0 	 0 	 0 	 0 	 0 	 0 	 0 	 0 	 0 	 0 	 0 	 0 	 0 	 0 	 0 	 0 	 0 	 0 	 0 	 0 	 0 	  72 	 0 	 0 	 0 	
 0 	 0 	 0 	 0 	 0 	 0 	 0 	 0 	 0 	 0 	 0 	 0 	 0 	 0 	 0 	 0 	 0 	 0 	 0 	 0 	 0 	 0 	 0 	 0 	 0 	 0 	 0 	 0 	 0 	 0 	 0 	 0 	 0 	 0 	 0 	 0 	 0 	 0 	 0 	 0 	 0 	 0 	 0 	 0 	 0 	 0 	 0 	 0 	 0 	 0 	 0 	 0 	 0 	 0 	 0 	 0 	 0 	 0 	 0 	 0 	  72 	 0 	 0 	 0 	
 0 	 0 	 0 	 0 	 0 	 0 	 0 	 0 	 0 	 0 	 0 	 0 	 0 	 0 	 0 	 0 	 0 	 0 	 0 	 0 	 0 	 0 	 0 	 0 	 0 	 0 	 0 	 0 	 0 	 0 	 0 	 0 	 0 	 0 	 0 	 0 	 0 	 0 	 0 	 0 	 0 	 0 	 0 	 0 	 0 	 0 	 0 	 0 	 0 	 0 	 0 	 0 	 0 	 0 	 0 	 0 	 0 	 0 	 0 	 0 	  36 	 0 	 0 	 0 	
 0 	 0 	 0 	 0 	 0 	 0 	 0 	 0 	 0 	 0 	 0 	 0 	 0 	 0 	 0 	 0 	 0 	 0 	 0 	 0 	 0 	 0 	 0 	 0 	 0 	 0 	 0 	 0 	 0 	 0 	 0 	 0 	 0 	 0 	 0 	 0 	 0 	 0 	 0 	 0 	 0 	 0 	 0 	 0 	 0 	 0 	 0 	 0 	 0 	 0 	 0 	 0 	 0 	 0 	 0 	 0 	 0 	 0 	 0 	 0 	  36 	 0 	 0 	 0 	
 0 	 0 	 0 	 0 	 0 	 0 	 0 	 0 	 0 	 0 	 0 	 0 	 0 	 0 	 0 	 0 	 0 	 0 	 0 	 0 	 0 	 0 	 0 	 0 	 0 	 0 	 0 	 0 	 0 	 0 	 0 	 0 	 0 	 0 	 0 	 0 	 0 	 0 	 0 	 0 	 0 	 0 	 0 	 0 	 0 	 0 	 0 	 0 	 0 	 0 	 0 	 0 	 0 	 0 	 0 	 0 	 0 	 0 	 0 	 0 	  72 	 0 	 0 	 0 	
 0 	 0 	 0 	 0 	 0 	 0 	 0 	 0 	 0 	 0 	 0 	 0 	 0 	 0 	 0 	 0 	 0 	 0 	 0 	 0 	 0 	 0 	 0 	 0 	 0 	 0 	 0 	 0 	 0 	 0 	 0 	 0 	 0 	 0 	 0 	 0 	 0 	 0 	 0 	 0 	 0 	 0 	 0 	 0 	 0 	 0 	 0 	 0 	 0 	 0 	 0 	 0 	 0 	 0 	 0 	 0 	 0 	 0 	 0 	 0 	  72 	 0 	 0 	 0 	
 0 	 0 	 0 	 0 	 0 	 0 	 0 	 0 	 0 	 0 	 0 	 0 	 0 	 0 	 0 	 0 	 0 	 0 	 0 	 0 	 0 	 0 	 0 	 0 	 0 	 0 	 0 	 0 	 0 	 0 	 0 	 0 	 0 	 0 	 0 	 0 	 0 	 0 	 0 	 0 	 0 	 0 	 0 	 0 	 0 	 0 	 0 	 0 	 0 	 0 	 0 	 0 	 0 	 0 	 0 	 0 	 0 	 0 	 0 	 0 	  36 	 0 	 0 	 0 	
 0 	 0 	 0 	 0 	 0 	 0 	 0 	 0 	 0 	 0 	 0 	 0 	 0 	 0 	 0 	 0 	 0 	 0 	 0 	 0 	 0 	 0 	 0 	 0 	 0 	 0 	 0 	 0 	 0 	 0 	 0 	 0 	 0 	 0 	 0 	 0 	 0 	 0 	 0 	 0 	 0 	 0 	 0 	 0 	 0 	 0 	 0 	 0 	 0 	 0 	 0 	 0 	 0 	 0 	 0 	 0 	 0 	 0 	 0 	 0 	  36 	 0 	 0 	 0 	
 0 	 0 	 0 	 0 	 0 	 0 	 0 	 0 	 0 	 0 	 0 	 0 	 0 	 0 	 0 	 0 	 0 	 0 	 0 	 0 	 0 	 0 	 0 	 0 	 0 	 0 	 0 	 0 	 0 	 0 	 0 	 0 	 0 	 0 	 0 	 0 	 0 	 0 	 0 	 0 	 0 	 0 	 0 	 0 	 0 	 0 	 0 	 0 	 0 	 0 	 0 	 0 	 0 	 0 	 0 	 0 	 0 	 0 	 0 	 0 	  72 	 0 	 0 	 0 	
 0 	 0 	 0 	 0 	 0 	 0 	 0 	 0 	 0 	 0 	 0 	 0 	 0 	 0 	 0 	 0 	 0 	 0 	 0 	 0 	 0 	 0 	 0 	 0 	 0 	 0 	 0 	 0 	 0 	 0 	 0 	 0 	 0 	 0 	 0 	 0 	 0 	 0 	 0 	 0 	 0 	 0 	 0 	 0 	 0 	 0 	 0 	 0 	 0 	 0 	 0 	 0 	 0 	 0 	 0 	 0 	 0 	 0 	 0 	 0 	  72 	 0 	 0 	 0 	
 0 	 0 	 0 	 0 	 0 	 0 	 0 	 0 	 0 	 0 	 0 	 0 	 0 	 0 	 0 	 0 	 0 	 0 	 0 	 0 	 0 	 0 	 0 	 0 	 0 	 0 	 0 	 0 	 0 	 0 	 0 	 0 	 0 	 0 	 0 	 0 	 0 	 0 	 0 	 0 	 0 	 0 	 0 	 0 	 0 	 0 	 0 	 0 	 0 	 0 	 0 	 0 	 0 	 0 	 0 	 0 	 0 	 0 	 0 	 0 	  36 	 0 	 0 	 0 	
 0 	 0 	 0 	 0 	 0 	 0 	 0 	 0 	 0 	 0 	 0 	 0 	 0 	 0 	 0 	 0 	 0 	 0 	 0 	 0 	 0 	 0 	 0 	 0 	 0 	 0 	 0 	 0 	 0 	 0 	 0 	 0 	 0 	 0 	 0 	 0 	 0 	 0 	 0 	 0 	 0 	 0 	 0 	 0 	 0 	 0 	 0 	 0 	 0 	 0 	 0 	 0 	 0 	 0 	 0 	 0 	 0 	 0 	 0 	 0 	  36 	 0 	 0 	 0 	
 0 	 0 	 0 	 0 	 0 	 0 	 0 	 0 	 0 	 0 	 0 	 0 	 0 	 0 	 0 	 0 	 0 	 0 	 0 	 0 	 0 	 0 	 0 	 0 	 0 	 0 	 0 	 0 	 0 	 0 	 0 	 0 	 0 	 0 	 0 	 0 	 0 	 0 	 0 	 0 	 0 	 0 	 0 	 0 	 0 	 0 	 0 	 0 	 0 	 0 	 0 	 0 	 0 	 0 	 0 	 0 	 0 	 0 	 0 	 0 	  72 	 0 	 0 	 0 	
 0 	 0 	 0 	 0 	 0 	 0 	 0 	 0 	 0 	 0 	 0 	 0 	 0 	 0 	 0 	 0 	 0 	 0 	 0 	 0 	 0 	 0 	 0 	 0 	 0 	 0 	 0 	 0 	 0 	 0 	 0 	 0 	 0 	 0 	 0 	 0 	 0 	 0 	 0 	 0 	 0 	 0 	 0 	 0 	 0 	 0 	 0 	 0 	 0 	 0 	 0 	 0 	 0 	 0 	 0 	 0 	 0 	 0 	 0 	 0 	  72 	 0 	 0 	 0 	
 0 	 0 	 0 	 0 	 0 	 0 	 0 	 0 	 0 	 0 	 0 	 0 	 0 	 0 	 0 	 0 	 0 	 0 	 0 	 0 	 0 	 0 	 0 	 0 	 0 	 0 	 0 	 0 	 0 	 0 	 0 	 0 	 0 	 0 	 0 	 0 	 0 	 0 	 0 	 0 	 0 	 0 	 0 	 0 	 0 	 0 	 0 	 0 	 0 	 0 	 0 	 0 	 0 	 0 	 0 	 0 	 0 	 0 	 0 	 0 	  36 	 0 	 0 	 0 	
 0 	 0 	 0 	 0 	 0 	 0 	 0 	 0 	 0 	 0 	 0 	 0 	 0 	 0 	 0 	 0 	 0 	 0 	 0 	 0 	 0 	 0 	 0 	 0 	 0 	 0 	 0 	 0 	 0 	 0 	 0 	 0 	 0 	 0 	 0 	 0 	 0 	 0 	 0 	 0 	 0 	 0 	 0 	 0 	 0 	 0 	 0 	 0 	 0 	 0 	 0 	 0 	 0 	 0 	 0 	 0 	 0 	 0 	 0 	 0 	  36 	 0 	 0 	 0 	
 0 	 0 	 0 	 0 	 0 	 0 	 0 	 0 	 0 	 0 	 0 	 0 	 0 	 0 	 0 	 0 	 0 	 0 	 0 	 0 	 0 	 0 	 0 	 0 	 0 	 0 	 0 	 0 	 0 	 0 	 0 	 0 	 0 	 0 	 0 	 0 	 0 	 0 	 0 	 0 	 0 	 0 	 0 	 0 	 0 	 0 	 0 	 0 	 0 	 0 	 0 	 0 	 0 	 0 	 0 	 0 	 0 	 0 	 0 	 0 	  72 	 0 	 0 	 0 	
 0 	 0 	 0 	 0 	 0 	 0 	 0 	 0 	 0 	 0 	 0 	 0 	 0 	 0 	 0 	 0 	 0 	 0 	 0 	 0 	 0 	 0 	 0 	 0 	 0 	 0 	 0 	 0 	 0 	 0 	 0 	 0 	 0 	 0 	 0 	 0 	 0 	 0 	 0 	 0 	 0 	 0 	 0 	 0 	 0 	 0 	 0 	 0 	 0 	 0 	 0 	 0 	 0 	 0 	 0 	 0 	 0 	 0 	 0 	 0 	  72 	 0 	 0 	 0 	
 0 	 0 	 0 	 0 	 0 	 0 	 0 	 0 	 0 	 0 	 0 	 0 	 0 	 0 	 0 	 0 	 0 	 0 	 0 	 0 	 0 	 0 	 0 	 0 	 0 	 0 	 0 	 0 	 0 	 0 	 0 	 0 	 0 	 0 	 0 	 0 	 0 	 0 	 0 	 0 	 0 	 0 	 0 	 0 	 0 	 0 	 0 	 0 	 0 	 0 	 0 	 0 	 0 	 0 	 0 	 0 	 0 	 0 	 0 	 0 	  36 	 0 	 0 	 0 	
 0 	 0 	 0 	 0 	 0 	 0 	 0 	 0 	 0 	 0 	 0 	 0 	 0 	 0 	 0 	 0 	 0 	 0 	 0 	 0 	 0 	 0 	 0 	 0 	 0 	 0 	 0 	 0 	 0 	 0 	 0 	 0 	 0 	 0 	 0 	 0 	 0 	 0 	 0 	 0 	 0 	 0 	 0 	 0 	 0 	 0 	 0 	 0 	 0 	 0 	 0 	 0 	 0 	 0 	 0 	 0 	 0 	 0 	 0 	 0 	  36 	 0 	 0 	 0 	
 0 	 0 	 0 	 0 	 0 	 0 	 0 	 0 	 0 	 0 	 0 	 0 	 0 	 0 	 0 	 0 	 0 	 0 	 0 	 0 	 0 	 0 	 0 	 0 	 0 	 0 	 0 	 0 	 0 	 0 	 0 	 0 	 0 	 0 	 0 	 0 	 0 	 0 	 0 	 0 	 0 	 0 	 0 	 0 	 0 	 0 	 0 	 0 	 0 	 0 	 0 	 0 	 0 	 0 	 0 	 0 	 0 	 0 	 0 	 0 	  72 	 0 	 0 	 0 	
 0 	 0 	 0 	 0 	 0 	 0 	 0 	 0 	 0 	 0 	 0 	 0 	 0 	 0 	 0 	 0 	 0 	 0 	 0 	 0 	 0 	 0 	 0 	 0 	 0 	 0 	 0 	 0 	 0 	 0 	 0 	 0 	 0 	 0 	 0 	 0 	 0 	 0 	 0 	 0 	 0 	 0 	 0 	 0 	 0 	 0 	 0 	 0 	 0 	 0 	 0 	 0 	 0 	 0 	 0 	 0 	 0 	 0 	 0 	 0 	  72 	 0 	 0 	 0 	
 0 	 0 	 0 	 0 	 0 	 0 	 0 	 0 	 0 	 0 	 0 	 0 	 0 	 0 	 0 	 0 	 0 	 0 	 0 	 0 	 0 	 0 	 0 	 0 	 0 	 0 	 0 	 0 	 0 	 0 	 0 	 0 	 0 	 0 	 0 	 0 	 0 	 0 	 0 	 0 	 0 	 0 	 0 	 0 	 0 	 0 	 0 	 0 	 0 	 0 	 0 	 0 	 0 	 0 	 0 	 0 	 0 	 0 	 0 	 0 	  36 	 0 	 0 	 0 	
